4
6
594
4648
44
64865
446486
55
55
445
45485
45
5485594
5485
55
5
4855
5480
0
4
2000
14
2000
441
0
414200
1
4414
441424004
4414240
14240
4
14
142400
344142
42400
42400
0
14240
44142400
50
515
35515
250
152500
51525004
5
5515
525004
35
50
25444
25444
254
355
4
15254
1525444
3551
552
525
35555
2544
35
4
4444
444
24444
44424444
4424
44424444
424
424
44244
74442
24
711121111
1211
37
21111
3711
112111
716388052
7111
37111211
11
121111
1112111
11
112111
211
12
1
3711121
37111211
711121
711
1
1112
11
111
112
11
1121
4
111
21
1211
121
1121
1555
4111
5
112155
112
2255
25
229245143
2
555
2
225
22222
222
222225
229245143
55
225
5
422222
22255
222222555
22222
422
22
2222225
222222555
422222255
422772255
7
422
772255
62
46277225
627
77225
72
72255
60778
514811143
855
5
450778
507788
788590
7
7788
788590
514811178
0
778
5077
90
90
778
4007
0
788090
88
77880
77880
90
7788090
77
0
6
7660
77
0
9
400
400775509
7
7755090
90
6545225
99776699
90
97766
99
97766
77
99
6
9
7766990
76699
977229
499
57
57
666
6576666
972789468
657668
66
167
77668
66880
6880
41
1
6776
167766
167766
7766550
6
4167
41673669
1673
67366950
6
6695
69
76736695
67366950
767366950
7377
67
705
77
6737
377050
6757705
75770
774599638
774599638
75
1477050
76147
14770
476647
476647
773499638
664770
7664
64
664
7705
277050
736277050
27362
5
27705
3627
939788344
2936
6277
9362
50
36077050
5350
35077050
5
70
525077
4505
50
254
25440
4045050
5440450
45050
45050
58
58709505
587
87
870950
50
505
0
87095050
95050
1709
317095
7095050
317895050
95
7895050
50
17895
31
3178
1
7895
317
789
50
895050
231789505
11
117895050
5
50
5
5
885050
275
88505
8505
50
2
75388505
275
850
75388585
538858
885
5850
53885
5
75388
3885850
3885850
75388
388585
279388
938898
793
50
882850
93882850
5
882850
893
89388
28938
88
28938
38
8
2
88858
283388885
3188
885
58
28318
31888
31
2
16
83
2
831666858
831
3166685
16668
166685
83
36668
666898
68
3
6333
33366
8
6
7333
68
6
33776
33387
38
683
1187683
838
9683
189
7111896
968
71118
3
1118968
118
1118968
1189
1896832
3
199896836
9989683
9989
71
749989684
89
499
896
4998
4
99
4998
4
846
72962
9
962
877
8772
7
89929
9
789929
899
99296246
78332
7833
3
3
336
3
83363664
6646
66
78331316
7
3313164
78
33131
313164
83
313
6
63
96
896161636
616
789616
896161636
8961616
61636
616
96161
16
616
78961616
78
616163
78961616
6
61
161646
346
789313134
7893939
39346
7893939
89393
3934
93
789
93
393
393984
89393
89
7893
893
939
3939
89393980
90980
93909
9
93909
0
99
3909
90
78939
390
6
909906
909
89390990
393
39
739
6
73939
406219435
393929906
929906
393829
93829906
829
2990
73
93829986
998
7393829
9382
739982998
8299
829986
739
7399829
7399
39984998
9984998
98
9986
39981998
399819
986
19
98
819986
9
9809986
3998099
39980
73998099
99809
980998
739980998
2
99809
729980
980
80998
9809
980
809
9
82998099
99
99
82998799
313925164
299
9988
79988
998799
8299
829987998
2998
8
998
29987
879988
999
81
819989
998999
9899968
1
998
8199
8999
819
998999
99
8199
9
8199
22968
296
2296
22
822
422
29
892968
968
436938144
92
92
22
2892
4992
4449929
449
62
449929
4499
29
5444922
44
453701197
22962
922962
922962
411
296
11
0
1192
19229
82
20701217
19229
11955982
982
1955982
1955
59
1955982
11955
1955
5982
119559
11955982
195
19
0
108734217
18
50999
2
50111
111
50111551
507775578
507775578
77755
578
77557
7775578
377
700
2
537
2
82
78
377
5377
770
77705782
578
5
782
2
386484017
37770
3777057
37
770578
8
705
705788
9777
8
7704788
5777704
88
478
770
77770
7704
4
77770
786482973
777704738
38
704
777027
2
220
22
222
22202
20
4222202
6066
66066
66660
6
6608
669
15041874
6
80
669
811133669
336
111
11
1133
11
1
11336698
3
133669
66
11336698
11133669
1
1113366
366
1
669
8
13
366
111
80003
3
80
14381866
8000
33
3366
336690
336
0
0
3
3366
33663
88
809933
22
80993222
220
30
220
2
80993
99366880
99344887
9934488
413390063
39
448
488
4887
87
399322
324987
839
311324
24107
311324107
13
1324
83113241
1132
11
113241
8311324
132
241
241
15
52410
115241
31152410
24
31152410
241
2410
831152
1
61
31152610
361
163
63619
11
619
3116
636199
3116
3116
3619
63619
311
361
11
63619
63116
311636199
63116
6199
11636199
31
63619
361
36
3116
6199
1636
1
1162619
19
162
8116261
11
26199
381
1132319
38113
23
3199
381132
38113
1135319
353199
3
9
81135319
811
319
53
31
38113531
811353
11
13
811353199
35
1135319
811353
353199
81135
8113
11351
135115
11351
301
14511
77
7
11451
301145
1145117
11451
51177
301145117
11
3011
451
11451
51166
3011
1451166
1151
1115
30111
11511
15111
1
30111
12
11121
4111211
34111211
112111
222222
222223
223
222233
4222222
222
222
3
427489174
22223
422222
4222222
34222222
34222
422222233
342
2222223
342
427489174
233
333
33
22333
2333
42223333
3
642223
2233
422299
99
22999
4222999
422299999
229999
66
66222
6222999
22299
2999
222
999
9
799999
79999
99
67339
73399933
733999
33
73
5933
335593
3
33
67335593
66733559
67335
311
6733
31193
667
31193
1
11933
66833119
11933
8
311
1933
9
6433339
3333
43
66433339
6433339
33
33393
933
3393
6623333
2555
6255539
62
933
25553933
553933
5
25553933
555393
6
66
539
5553
5553
553
55539
660
66055
5556963
5556963
5556963
63055
5556963
556963
630555696
630555
63
630555696
55569
5796
557963
30
96
5557
63
305554963
5
305554
49
344088845
333554963
335549
335549
633355
633355096
550
33550
8
5084
3
344084725
35508
843
3355
6666
666655
8
677194725
43
843
660
6
76666084
66607
0
0
466660
66
64666600
0
660
646
0
600
6660
777
517
331
6
63
6
646
466331777
1
4663317
7
31
46
31
1777
663
646
46
476865659
3312
222
22
63312
31222
1222
62661
1
11
22
266111
266
6000
222
660002
660
66000
660002
2650002
22
22
65
22
0
2
0
6500
500022
0
222
6500022
6500022
550002
22
65533884
0
2
0
50000
0
5500
55666002
6002
665566600
66
600
0
655
77
5777600
75777
777
77
577710
0
77
7757770
775
757770
77700
700
7577700
757
7577700
7577
7577
57770
7
7757
770002
57770002
775777000
77
0
55
55440
2
455
555
367839534
3555
35555000
550
735555000
55550
0
0
5555
5
550
55
55
500
5
775555
7555
755770005
57
0
770005
0
0
1
55519
555
51900
5
90005
519000
9000
5
55190005
555190005
519
51900
190
519000
55551900
9000
544190
544190005
419
544
554
544190
90
4190005
4190005
44170
22441700
170005
5
441
0
225681299
81700
70005
888
5
70
8881
88174
81
902219621
44
881744
11174
881112
81
8
11
8111255
65
6555
2294
6228
28
88
228
84
2
6622842
876
876
766
88766
662284
662284
887662
87
84
62284
6
7662
76
6
76622852
687009985
700
687005585
55852
70055852
870055
55852
870
58
68799558
890489739
799558
5857
995
87
687955585
9
9555
68
68795557
7955
879555727
27
5555727
8755
875555
75555727
687555
5572
555557
855
747
55
555
8
68555557
5
74
66
61
6
6656
1
866
8666656
656
86
561
66665616
6666
1
6
68666656
6665
66665
666656
66665616
6
6866
68666
561
68666
5686
6
68
6665
65686
68666656
68661151
186
7
7186
876651068
66
661
718
117186
66117
17
68661171
88
878
668878
68
788
6788886
88
6788886
866
78888
866788886
88
688678
86788
888
788
6671111
116
667111
1
66667111
1116
671
441111
1
44
6
1
11
111
66
63444
3444
444
66344441
663
63
63444
44
444
4
4444113
441
634
634444
44441
634444
44441
6344
66344441
444113
66344
1
44113
4
69
94444333
6694
6944
333
94444333
444
6944443
694444333
4433
694
44333
44433
444
944
4433
944
694444733
444
6
4444733
444733
9444473
94
44473
7
444
44447
6944
44
694
669
445
44445
704978417
94
9
44
6
669444
69444
4135
6
694
444
44441
66544
665444
35
44015
544440
1
44015
44
44015
68544
15
685
15
5444401
44
8544
68544
401
68544444
85
685444441
44
4
6854
68544
78
85444478
8444478
64447
64
44788
6
444
88644478
4
864
896978670
88644478
88
78
44
8864447
64
6222
6356222
22
562225
635
63
635622
2517
5622
562
6
622
695
5
25
22252
562225
6956222
956
2212
6956
2
22212
622212
956
212
6956
2
222127
6622
456622
22
645
2127
59922
127
127
2127
5992212
66599
12
665992
665992212
665
599
599221
6
9
6659922
665
92212
65992212
2121
659922
659
9221
992212
5
99
1159922
189922121
2
996652
99666
664
6
99
58993
3664
15
99366
5899366
58993664
58
36
994665
89946
589946
15899
589
58334665
33466
34
383346
34665
833
1383
38334665
3833
3346
138334055
383360556
8
138336
605
6055
60556
6360
55
6
8666
63
636
636660556
6366
605
6366605
63666
366
6
636660
63666055
636660
63
6
636660
6
66031
636660
3666031
6
3666031
6366
6
6660316
6366
636660
63666092
6609
3
66609
666
662
62926
656662
662
6292
662926
65
62
65666
6566629
2
656662926
656
6
62926
656
6
66629
96662
966629
212
11212
6911
12
655552
52321
65555
655552121
1
1655
65555
552121
1655552
655552
16555
55
5555212
5561
56
6555561
655556121
5612
1
165555
612
121
6121
55556121
55
55
5555
5556121
12
1
9228621
86
1699
69922
22867
322631
9
9322
9322631
6993226
704589572
3689
22631
68
36893226
3689322
68932268
46
468
8944
68944
68
444
4
94
4854487
4485448
9987
4485
44
9878
199878
98
468
6
19987
4681998
9987
4681
8199
819
46
9
69199
919
99
99848
69199848
451
691
691
899945
69899945
451
45
9945
989994
89994
441
989
989994
41
698999441
999441
99
944
9899
469
441
69
6989
98999441
46989994
8999
994
98
98999
698
9
899944
999448
999448
48
999
46
98
698999448
469899944
99944
46989
46989
4695555
55
955
469555544
702578036
54
555
44
8
555
5555958
5
9555
95
69
69
955559
55
955559
2
95
559
955559
55595
2955
55
595
55958
5555
55559
9555595
9555
58
2955559
2955
5558
444455
55444
5255
2554
25
6644
5244666
64
6661
5244
8
52446661
4466
6148
524
2446
66
2446
244666
4
64
5248
24
16
1666
48
1666
24166
48
46886
5546886
6886
6886
86668
688666
866
553688666
55368866
553
668666
686
66668
866668
55668666
666
6606
6606666
66066668
60666
66066
6
66
66
66
6
666
660
666066
6
66066668
66606
6660
666066668
66066668
56660666
66
6666
666
606666
674844901
6
66
5666066
55066
5
66
6
555
5550666
55
5555
66
555
5550666
555066
6222
5506
555062226
550
5
5062
5
62226
5555
550
2222
5550222
22226
7022226
2
0
7322
773
77322
7
773
773222
8773222
87
491367402
847732222
22
47732222
732
22
8477
7322226
22
84
2
22
84993222
222
849932222
2226
26
8499
93222
829932
8299
222
99322220
2222
829932222
22
322220
222
9322220
2993222
932222
32
932
3222
829932
299322220
2222
8299
93222
8
9932
3222
993
2
29932
29932
99322
7322
732222
7322
827
2773000
7
2773
0
30000
827730000
77
0
27732222
222
773
8277
2222
82773222
73222
27732222
2222
77322222
8277
22
322222
22
2
773222
732222
827
2773222
7322222
222
211
22
32
132
11322222
44
2
322
22
824432
22
722222
72
824472222
222
32
462222
2446222
22
112
61
611
233611
233611
1
823361
11
1
82
11
11112
82336111
82336111
23361
361111
82336111
3361111
1
82336111
11
11
6
11
611111
996111
111
29961111
82996111
1111
11
611
99
9961111
96
8799611
7996111
11
99611111
11
99
1111
813656287
994111
9431
79
9
799
436
9943111
87994
7994311
1
719431
1643111
16131
87161
11
7
11
1111
1311
16
87
161311
8716131
716131
8786
6137
86
89
861388
61
86138
7
88
861999
898619
29
993
993
893
89362999
3629003
3
90
362900
37
36290
2900
9
0
59009
25900
590
9009
2590
90098
259
89125
891
98
9425900
89425
4259009
42
942
942592296
2
922
92
42592
259
90259229
259
890259229
92296
592296
28
890289229
9229
8922
81229
8896
78858896
6
6
9029959
29959
9029
299598
598
8
9
9995313
99953
9099958
9581
99958
9995813
999
999
9995813
3
31
99958131
99958
99958131
99958131
999581
38131
381
381
381
38131
3
0
0
9
989
9899
9
0
989
888
98889
0
1111
889
1190889
1119088
119088
1111908
19
1119
0
19
111
11111908
111190
1190
119088
11938
11
8
1
1111
111116388
118419536
9
89
889
6663889
11166638
66638
6
11
3889
3
388
111666
388
6388
1666388
889
11
1166
112869536
73
32
112928936
17328
11
17
1117
11117328
17628
1117628
11762
28
26
1
12628
126289
12628
126
6
9262
9
9262
10009
926249
926249
24
232
59
4592
92
992949
89
4
450248596
84929
33
3839293
1338391
3333919
33339
1939
9193
9
3333
3339193
13333919
333391
1333391
133339191
3391
3333
33
1333391
333
3339
33
33391
9191
3919
191
19
33321919
233332
23333214
2
9
33
23333214
333
3339
3333914
3339
33343
333333
233333343
23333
37
3333437
23
3343
437
233333343
233333
343
37
233333343
333
333
3333
3333343
2333
33
333333
23333
33334
3333
23333334
43
3334
1333436
3
33343
43
1333436
21
21
1333
334
36
43
663
6333236
6633
36663
6663
366633
66
62
66666236
6666
2
166666
666662
662
6286
6006628
98
60066986
669
660066986
669
66
664
20664
663822133
6
66
6
166206648
620
6486
662066
662
16620
1662
164204448
420
204
4448
642
420
4
42044
62066
156
6648
66486
1562
62066486
62066
156206
6
86
620664
1562
56206648
6
66486
664
86
6
56206
563822133
6
266
15626
5626664
156
6266648
648
15676664
66
4
6648
76664
67666
7666
66
333
733
733028
7330
37330286
15373302
30
733028
3
15373
15373302
15373302
28
539085933
7
15
5
30
39185933
3743028
3028
3745
1737
73745
46566
56
434676
686
6
14346766
3467
676686
4346
7668
43467
14341
34171183
1183
34671
671
64641183
466396830
464
454
1
1414
84
4147
41477118
183
3
47711
7
771183
14
413774183
377418
8
13774
77418
377
415529830
41377418
83
413774
1413
41377418
1413
74183
1413774
1
77
377418
37744
3554
355
14135544
5544
554413
141
4133344
45
41333
13334
133344
1
14133344
445
884
14188
4188844
41
8
188
88
4188
418
141888447
15554473
5
41
1990
41990443
41990443
33
199044
41990
43
990
199044
44
9044
1419904
4
9904433
4
3
1990
443
141990443
33
90443
4433
433
445
21104
424615747
2
421104453
42110
53
242
424615347
21104053
242110
242110405
42110
421104
2421104
42
21104053
4053
1
18
212
81
181853
211814
2118145
1
211814
81
121181
653
212119165
21211916
119
2121
2119165
2525
525
2519145
2
2525
1
251
953
52519195
5251919
5251
953
195
9495
494953
24494
24
424
94
242449
4244
4494
424
49
2449
2449498
4494984
494
242449
244919
2
4491984
29
8
240
404
8
407600178
8888
88
8
404
404088884
88884
88
2
404088884
6468
468200178
4646888
68
6
6
88
636
2403088
40308
40308888
4030888
30
4080888
881
77
71
240
7077714
1
4000
3331
2433
4
3331
433333314
333
24
3314
24333333
4333
24333333
3314
3333
3333
33
33331
3
33333
3333331
33
4333333
333
0
0
240000001
0
24000
14
240000
0
0
40000009
2400044
94
94449
944
44
300933494
2377933
793
2
33
237
70
23
23770
237703
376544647
248404345
434
24
484
40
484
4
434
8404346
48
4
16
3163
24815
6
51316
40151
1513163
131
4015131
151
513
131
13
131
16
179
2
7963
11151
21
2111
173
1
21
3173
7365
3
17
55
573
35
21553373
21553
5533
3733
9
2155997
5
2155
2155997
8991
18899133
91
718
89
7188
91
8
88
1889913
999133
18999177
999
7129991
1299
129996779
9677
712
12
99
960
299960
2999
71299
600
999
29
7129
299
960
71277
7127
12
277
71277766
7
12700
7127009
99
70099
2700
7009999
999
9999
70099
9
76
0
527620009
75276
620
762
27620
620008
754
559909537
4762000
62000
754762
0
8
547
547
62000
7547621
754
460111
544
111
460
704
1
11
11
4560
11
45691
18
4569
456911
45691
7045
69
45291118
291
85291
852911
29
291118
18
8
5291118
91118
708525111
4111
11
342411
3424111
703424111
703
34249
49990
3424
99
99
289
6342
63428
28699
342869
286
7634286
8699
342
43423
23
74342
3
3423499
743427477
7434
4204070
46
4
4504070
7464504
645
46
4505070
50
64505
70
0
505
0
4505
450503
5030
50
505
505030
505
65656
65
300656
300654563
65456
3
636
636
3
33
334333
366334
36633
9334333
99
99114111
1141
41
16
39911
91141
99114
11411
14
39911
9711411
11
397114
1141
715
97154
154
17
451
31715451
154
5115
6154511
545
31615
61
61515115
16101
1
101
71711
1
171711
916171
1
7
177517933
17
91617
17
171
0
61717
7
617
6171711
171
1
9161
6
916171711
91617151
16
9161715
71811
11
38
177539159
1
833
617
61
1738
16
317383
13173
317383
31
943143
94314
431438
33
31
438
94314
3143833
3
336
143
4438336
434438556
4438
6
34438
344385
0
38556
38
30
98
556
9
85
2007
200725
200725
5
34473556
344
556
44755
447556
74447
44755
607
744
5
475
7400
740075
740
5
6074037
84571438
60
55
74571438
6403755
3
15
64644
155
646
305
430564433
64
305
2
42003055
20
6420
344033
8
338551
33
3385
40
33
344033
403385
4
403
51
33855
44033
551
44033855
34403
5
33
551
338551
3085
4
30
8551
3442358
85855
45
5285
52858
528
458165492
345087
4
877551
816551
50819
34508196
5081
81966
1966
450819661
96
50819
8
45081
34
81
1966
6
0
1766
45081766
381
3
3
343381
6
43381766
3817
8176
3381
81766
3
4338878
8786
88786
667
433664666
64
6
36646
406
4066
6
30040
34330040
330040
43300
4
0
30040
40
0
40
4330
343
406
4066
433004
40
4330040
6
406
66
343300406
406
438271007
343300
330040
43
40
0
438270974
33
330
34330040
4033
343
33
3
34
43300403
33
3300
330
3004033
438270974
300
403
3300
0
403
433004033
3004
300
4
33004
34336
949
33
33694933
3433694
493
34386949
3438
4
4
3435
343569493
34356949
3435694
6040
435
34
3
0
430600033
3060
3060
600033
3
43060003
60
306
0
43
3060003
33
0
435866974
33
43060
43
60003
33
306000
0
60
33
343
43
430
6000
4296
342969
9699922
969992
429699922
34296999
342969
96999
92
429699922
296
429699922
96
49
99
499
2
9992
992
529499922
529499922
29499
9
949992
3
49
529499
4999
534766863
9499
3529499
65
922
29099922
0
22
922
429099922
429099922
429
42
99
29
9922
909992
429099922
429099
92
90999
4290
90999
90
4290999
2
22
90
939099
9993
9099933
390
933
90
99
9399999
9
3
9993
39999933
39999933
9993
99993
3
9399
99933
9
99
3999993
939
39999933
883
9
39
8
93998
9399
939
339
39981
33
9981133
9
5599
1
55
998115
81155
9811
99811
1
99
9
9980044
998004
44
33
9980
80033
998
0
998
8003
0
99800
9
0
80
0
4600
3344600
6003
34460033
34460
6633
44
4466
69944666
67
99446
666
994466677
4466677
44
94466677
667
400
9
69
0
110
995
550
9955
995500087
55000
5500
0
9955000
95
5000
7789616
699
95500
95566
9955666
9
69
66
5
955
556
66687
6
8
87
55
657
99116
1
911666
9911
991166
99116665
699116
7
886665
998866
699886
88666
8
9226665
9225665
5
6
2206
22
6620
22
20
699220
2
66
22066
220662
7
662
662
722
67
722
662
677220662
6
2206620
67722
677220662
722066
6772
220
772206
220662
62
220662
7220
67722
678220
822
822
2966
7822
67822
662
822066
2
6
8220662
66
61822066
618220662
6
6620
188
618883
83668
8836680
618
88
8366
618883
8
3
8036
8
88036680
80366
618803
688086680
6688086
6688
68808
88386
66
83866
86
6644346
654880562
4668
43
6443466
66
64
23
685
668
8
32668
652860567
2
6
66413
6
16
13
6
641319985
98
131
6641
319
664131998
9
2
985
66412199
12
6641
219985
21
641219
6641219
4121998
219985
1219
1998
4
64121998
651753867
219989
598
641
6661215
38
1215
215383
661215383
2153
665
65215383
2
475749265
2
38
46521
2153
64
6465915
646
46591538
64659153
65
5915383
646591538
64659
15383
64659153
6591538
476449265
6465
65
606591
153
15
1
70
15
7501538
15383
7561538
56
7561538
5615
675615383
7563538
53
76756
564548
675645484
6
767564548
75645
767564548
756
45
5484
5645484
64
548
7675
454
4
75645484
56454
645
5645
75645
7675645
7875685
787568
686020
66
2
66
787668602
6
6
766860
76686
66
7
88020
7888802
8
888
878
7878
88802
20
8020
88
0
787888
78
20
20
87800
2
878000
8
8000020
78
8000
20
20
20
2
0
20
2
811442
1442
420
84833442
3
858623954
344
846334425
46
33442
34
846334425
846
633
33
84633442
7846
78
86338825
8825
7
8
65
8655
5882
588
889
55882
557
78895
557825
55783
889
74
955
405
55740
84557
788455780
5
5
7805
4557
78
4
8
7
78
4807
78
88430780
84307805
7805
7805
4
84307805
30280
88
6880302
803
2805
3
30280
87372805
7
8737
87372
805
2805
7280
1805
87371805
73
6887
68
688737780
377
73778
88
68843
843
63343
4005
44
440
34044005
33404
3340440
340440
3340
3
340440
3404408
40
600404401
664644615
86
664644675
44675
86
8867
866858
5
6685
8588675
66
6685
8588
682589851
866854467
6854
86
866854460
66854460
469
4
46
5446
66
660
6054
44695
446
86
60
533
3
53368
86603
33
68
6603
33368
333685
6603336
333385
60333385
385
66033
60333385
6603333
66
0
66033338
660333385
60333
6603333
660333335
60333335
660
3333
333335
33
0
55
60022255
600844
455
60084
4555
844555
8
4495
449
4444955
44495
46444
555
64444
969999900
9999900
100
611111
1
111
1111
1111110
1111
1111
1188
111
1880
11188
911118
118800
1111880
11
11
1118855
55
8888555
88888555
918
9188
8888
888
188888333
918888
88888
88888333
333
1888883
888
888333
7
111117
411111773
117
1773
941111177
4
1111
111117
7
9411
4111
177
11
71
111
11
1
7111003
11
94771
11003
47
947
47709900
770
77099
9900
77099
70
9
99003
947700900
947700300
492803826
3
700
5
4
3
3
400003005
94000
5
4000030
9400003
4005
4005
0
9
4
400
400
0
14
4005
4005
88
108
8
8887835
7835
66
166
6666
166666
666
666667
667
66667635
66
1666
66676
166666763
63
7
666667635
766666
66666763
63
678957164
76
678620864
31335
13
766633
37335
66337
33
6663
63383
66633833
66633
338335
33833
7666338
6
38335
6663
6337
3738
66
338
6
55338
838
55338385
838
33838
55338
55533
33838
533
553
755838
77755838
58385
38
77722
77722838
7772283
2838
29
99922939
13274567
999229
9229
992291
984838
99982
15630014
296
81118296
8111
2621
1118
6
811152262
2262
1151262
1262
110
811101262
1
1012621
81110
110126
11101
111012
110
81110126
8
111012
10
11012
101262
81110126
1110126
601
11101060
8111
1101
811101060
8111
125863857
811
186
1181868
1118
6
118
601
1
10
601
0
6
10601
7
6601060
1
6060
60601
60601
1
7660606
601
601
76606
66060601
76606
601
60
60601
6060601
766060601
7660606
0
60601
60
72606
6060
60606
7260
0
30
30301
733030
3030301
8
733080
33
733080
73
733
73
0
73
80
3
733080803
73
8080
338
73388880
73
3
88
8
888
733888
33888803
731
31
731888801
3188
8
880
7318888
7318888
80
8888
88
188880
7338888
88
8801
33
8883
883
233
2448
31
4888
2448
88
299888831
3
99888835
9888835
9
399888839
88
39
39988883
83
88
39
8
19988
8819
99888
998888
81
9888819
881
9888819
399
39988883
399
88
888
9988
9988883
88839
399
3998888
883
88
39988883
9888
998888
3998888
88882
998
888
888829
88
99
29
129
3991
91111
51111
0
3251
11
3251111
11
0
839712065
825666889
6668
8
366688
82
82336
88233
3668
68
23006
88
23
23006
2
3006
68
6
0
0
0
0
8
222899
289
2899
8
322289
802
80
80222
222859
8
0
223
5
38
802238
80
2208
7
9
0
0
2208
702208
70
7022085
702208
2208
70220859
7022
7
859
2
228859
0
702
228
2
0
885
7022
228
702288
702
702288
228
28819
70228
30228
30228
228
3022881
2881
1022
0
22
228819
7
2288
23110
0
231
91107
911
2991
0
9
9920
9920
10529
5
2
29
1105
5299205
9205
1105299
10529920
994
940
1054
9
4
549
65
49
116549
54
65
9405
994
165
49
4
40
4
9940
49
33634
4
363
363
9475
49
33634994
499475
3363411
3363
336341
3634
411475
63
34114
33
4
2411
5
11475
4114
11475
24114
868411
386841
475
4444
4444
444
47
38
3898444
475
89844
9844
475
47
4
14
9
914
914
11
1444475
5
4
191444475
1
1191444
14
119
1
444575
1914445
119
11
1914
9144
2
144
44525
1913335
333
1333
13
91333
913335
13335
1333525
13335
33352
3525
1913335
9133
191
1333
9133360
913
191333
333605
9
3360
605
19
91333
3
3
1333605
336
33
3
19133
33360
3605
97
336
1
5
6
33
291
33605
40
13
291333
2913336
33655
913
91
291333
4833
2483
24833365
655
2
2483
333
248333
224
333656
224833
48333656
83
48
656
48
3
365
8
22483336
2483
65
224133365
2413
241
22
2413
241
33656
413
33
333656
13
133
13
28133365
81333656
8
287844950
3365
228
3336
2843
8433365
22843336
8
228433365
43336
6
33
43336
2284
33
8
33
6
28433
1
2
22
60
11506
4
2214
4111506
41115
411150
221411150
217622800
50
411150
6
214
11
1411
1511180
218623100
111
511180
1
1
511
651
806
111806
11806
51
66806
666806
8
66
6680
756668
66
6
8746
66
7466680
68
87466680
88746
88746668
6680
24666806
4266806
8824266
88242
82426
266
24266806
42
8824266
882426
680
2668
66
8824266
6
88141663
1416
166306
8141
814
88141663
8814
416610
8
88141
416
81416610
61
1416
1
89996
899
99
66906
90
99966906
89996690
9996
99966
9996690
966906
6
914012082
999669
8899966
996
966906
669
499966
999
6
90
3
33773
6
433377306
8433377
377306
7
433377
433
3377306
8
906
7790
79
557
79
45
8455477
84
54
790
55477906
47790
90
4554779
790
47790
509523082
906
477
8495477
954779
95
4954779
77
916
7
477
47791
95
4954
77
495407916
4954
54079
495407
95
495407916
407916
49
54
49
9540791
540
9540
849
741
84
741
54
84
854
6
8485407
8
848
40741
848542741
410
48842
741
3342741
3427
342748
8
843382118
84
382118
1
382118
33861
4
861
861189
843386118
8433861
433761173
376
84337611
7611
84337
84337611
33161113
33
33565553
65553
56
55565
845
5
65
45
165553
116
51165553
845116555
53
16555
11655
16555
84511
1165
8456
555
84
84544455
48883
4844
44
83
844
444888
4448
88
44888
444888
598494058
8444
4448
584448882
8584
858444
828
2
288828
888
272888
728
288
88
888288
288
288
8
2728882
82
728882
8828
72888288
82
8
724
244828
244
448288
2724482
8288
7244
828
82
88
44
24482882
288
2445288
445
1
124
124452882
5
4452002
24452002
4
495
1249
0
2
21879
799250
7992
799250
992507
9929
21
18799
2187
21879
99290
1879
929
290
99
92107
187
21
107
7992107
7992
21
7992107
127992107
7
127
1
92907
2799290
27992907
799
7995907
9
166774141
95
5906
7995906
995906
157995
569959
590
67059
56705
5
1162062
162662
1
26
116266206
626
662
66
1
111626
62662
111626
1116266
20
1626620
11
6566506
16
165665
56
165
116566506
6566
0
1
65665
1
650
165665
5665
1656
65
6566506
650
65665
6566
65665
6
0
0
0
1
536
65
5665
6
6566536
566536
6766
1009799
97997
97997
103
7
0
41555383
39799736
9736
97
97
39777736
97777
3977
10
1039777
7
41533383
736
977
736
77
1039
1
397
777736
777736
37
37
377
3377
733777736
73377113
337711
37711
136
7
7711
77113
71
377113
6
1
61136
2266774
772266
77226
6677
74
7746
7799
6755
66
779
79966
79
67
999662
9
799
999
79
966
99966
9
55
56628
86
5566
7
6628
566288
7555
5566
8
555
6
2886
558662886
6
5866
58662
558662886
55
628
58662886
5866228
5166128
66128
7551661
501661286
50188128
5
8501881
501881
5018
18812
81
1881
8303885
8
721930457
88528
78
0
88508
7
788508
1078
81078
810788
78850
825021
782
8
108825
10
8825021
25021
10882502
88
10882402
4
28
108
108824
24
1
82402
1088240
4028
88
108824
108824028
8827
8827
882
28
882732
882732
10882
84088283
4088
8
84
8828
8285
88
88285
8828528
8828528
52
852
8
44775
722775
722775
472277527
486322703
7722
772
84722772
77
7227722
8474
44774
8474477
84744
47447
7742
7447742
4744
4
77
47447746
47746
474
44
847447746
8070077
6
700
77067
7007706
7
0
6
6
69
69
0
0
300000
0
0
0
0
69
0
300
6
69
6
300
9
0
3000
30002222
22222
22
22
2222
222
22229
0
222
222
30
6222
2
3000622
300
622
30
222
300062222
6
3000
2
62
30
2
6
222
0
9
4442
9
6211370
94
4
30009444
29
0
9444
442
944
0
36
666
36
9444
366694
29
6669444
66694448
6944
44
6694
666944
448
6
94
4449444
34449
494
49
44944
34449444
4
44
34449444
450211424
4448
344494448
49444
44494448
3994944
94944483
994944483
4044483
44
444
300404
4
40444
