1000
509 11 682 540
293 348 344 848
314 840 553 873
614 593 873 597
93 662 994 953
654 299 765 584
184 275 734 294
108 128 969 686
694 34 755 185
342 199 402 454
547 304 967 447
111 211 273 465
347 78 652 623
80 361 633 452
107 99 197 155
137 145 892 542
291 331 404 575
183 125 593 195
110 370 375 381
176 749 299 976
339 3 542 498
122 138 575 957
87 368 969 679
519 277 849 850
4 508 65 673
96 350 457 746
553 62 927 493
509 132 836 197
115 165 912 756
143 495 985 939
586 595 763 776
256 68 971 489
329 829 372 858
539 157 990 868
837 490 891 992
430 589 753 859
451 45 720 212
234 612 491 685
637 70 840 140
54 433 772 736
447 84 680 887
197 301 451 876
96 545 847 878
549 290 819 514
210 120 253 612
316 306 375 553
431 4 819 632
24 83 473 448
221 346 645 884
405 504 825 881
371 62 695 340
229 930 669 983
653 333 799 794
155 372 410 621
301 297 370 609
66 176 434 567
352 595 943 672
275 309 286 417
58 173 361 192
104 230 883 595
654 45 804 830
23 315 840 668
307 84 466 305
622 132 868 757
76 189 321 324
22 484 356 682
458 122 730 690
297 393 842 960
79 219 580 843
599 625 925 923
192 310 733 802
43 415 221 1000
259 734 271 973
326 247 978 374
483 172 765 547
464 103 525 844
216 698 227 727
59 369 573 625
98 753 908 760
18 691 541 897
235 22 546 987
398 685 776 926
107 392 207 402
879 317 964 655
512 278 969 705
526 544 985 802
154 516 624 712
28 584 403 793
879 47 956 517
398 290 798 900
291 477 571 900
437 316 959 417
731 424 789 928
534 42 732 230
68 651 116 673
83 27 535 32
1 581 910 928
601 125 991 369
146 97 273 944
87 538 450 591
36 495 922 932
117 839 285 919
501 158 981 614
224 460 877 704
494 697 798 798
597 113 994 679
787 254 929 503
458 103 643 559
689 47 858 129
709 434 919 461
358 167 965 765
287 608 347 944
187 80 728 811
352 158 813 180
315 183 804 400
692 61 931 495
573 205 758 347
517 371 851 403
99 491 643 671
390 113 959 359
24 386 993 455
85 582 183 721
208 24 940 321
899 406 998 410
578 562 751 813
355 441 437 558
597 134 798 264
190 167 442 662
4 81 60 93
435 16 500 762
26 824 521 846
752 320 790 329
359 62 961 376
750 382 765 825
77 40 865 473
291 54 698 692
387 249 402 628
604 287 644 461
652 596 719 782
554 621 984 876
260 680 340 921
139 738 979 758
101 236 469 315
140 548 186 688
175 58 380 183
927 138 999 310
254 694 557 837
657 385 961 659
89 710 843 938
357 192 414 866
890 468 931 549
664 572 896 884
22 368 42 840
307 544 616 818
310 320 577 988
214 334 317 583
159 397 288 452
303 699 923 775
320 643 855 665
239 97 476 757
547 5 939 94
61 310 806 983
473 784 623 810
226 451 838 992
380 630 424 749
295 438 868 463
216 196 411 993
89 86 638 812
799 113 824 436
203 270 420 421
153 682 796 896
214 49 445 706
559 230 575 983
83 293 423 740
145 550 985 626
331 130 533 794
396 568 764 918
176 543 445 759
124 14 649 108
880 57 981 587
287 339 414 365
312 63 498 615
343 723 488 770
745 139 831 663
395 36 414 117
440 5 538 33
206 203 717 780
142 98 601 431
120 644 888 836
535 301 680 771
98 260 923 394
2 34 310 490
81 107 180 303
336 52 715 920
22 307 641 489
101 271 331 371
501 885 704 918
520 559 924 696
100 301 177 331
128 68 218 864
348 447 819 582
24 315 830 347
492 128 818 254
175 274 729 776
969 688 970 990
357 17 921 799
253 897 813 939
136 544 509 691
260 121 469 718
588 419 676 920
567 765 631 788
901 82 948 939
349 446 825 611
45 122 381 331
33 134 893 906
167 181 276 968
698 421 909 737
533 118 864 517
924 899 988 980
22 754 423 778
641 248 865 685
561 910 596 995
81 4 694 857
117 850 455 974
389 753 436 935
124 64 250 787
440 200 806 292
193 291 821 794
482 114 585 859
10 119 483 928
236 456 709 712
161 211 562 938
424 240 673 538
114 21 285 32
580 491 972 558
739 320 822 830
146 421 272 910
650 170 671 397
572 211 871 217
383 967 635 982
187 296 224 731
25 93 619 502
14 385 426 702
103 817 581 967
84 662 970 993
754 163 821 987
572 450 729 943
113 490 741 690
81 303 859 916
478 654 530 694
127 373 634 544
287 343 788 970
541 473 611 844
637 586 952 684
56 160 434 787
140 681 591 867
797 102 887 739
688 133 788 547
12 94 343 170
203 732 436 943
230 104 660 876
424 744 871 858
396 705 636 986
877 768 1000 854
805 435 998 789
283 637 653 694
337 530 421 979
219 421 709 467
584 678 854 901
111 305 585 619
325 557 506 675
295 725 814 969
165 114 432 674
605 213 880 737
432 574 562 856
598 660 899 868
360 286 588 546
875 923 877 965
65 222 496 453
155 119 885 818
262 336 536 750
630 133 640 140
15 344 355 955
301 500 417 996
17 37 21 338
270 707 775 903
398 737 898 937
431 497 960 623
428 552 695 874
694 241 773 684
23 157 683 344
506 151 539 924
157 415 199 455
222 684 383 774
256 477 516 506
122 721 673 976
54 12 629 240
37 80 795 964
501 697 906 924
631 465 954 965
299 844 507 951
465 420 975 980
50 7 408 678
99 743 512 747
582 16 670 259
122 79 377 657
96 640 468 862
273 798 685 820
207 344 678 809
193 430 401 596
72 470 441 903
696 342 729 719
69 157 473 158
342 203 389 899
224 429 929 954
79 240 888 317
160 55 259 181
321 612 515 977
525 19 891 123
275 37 521 590
649 95 714 444
561 12 733 283
52 68 200 582
366 586 688 935
282 141 791 560
781 869 910 940
314 65 833 214
24 381 957 545
390 315 946 926
181 202 898 697
77 343 541 511
275 358 373 560
915 231 938 745
649 101 827 397
374 713 890 997
267 133 663 685
730 286 773 379
732 445 774 921
371 96 737 179
449 9 633 508
66 498 524 760
419 584 953 820
142 590 207 754
11 210 162 305
584 262 819 479
69 43 863 356
319 253 771 910
317 72 377 477
394 168 417 786
456 593 515 994
535 217 869 711
237 224 606 343
210 616 264 793
618 391 853 616
365 234 899 782
759 51 950 208
711 469 918 522
438 172 947 536
103 220 891 878
482 114 538 976
193 236 669 790
469 623 697 987
378 88 818 592
252 172 371 811
380 39 383 434
788 6 968 240
458 666 675 695
78 321 434 545
70 411 221 770
27 502 586 891
283 112 333 144
345 661 655 754
942 504 970 558
296 652 493 653
571 889 711 929
653 45 815 786
743 298 816 996
316 77 616 985
464 315 719 889
564 782 865 878
263 532 945 936
653 374 815 553
217 436 452 849
246 122 493 501
363 147 679 663
21 728 512 825
602 295 775 609
82 410 330 442
346 113 519 960
632 94 654 975
598 249 815 250
177 103 664 335
177 767 659 791
627 102 802 588
632 70 838 980
261 50 620 136
469 412 895 908
646 399 974 552
178 85 906 452
209 193 647 902
257 903 465 904
423 2 435 245
636 443 834 514
258 301 350 977
181 297 561 709
29 64 987 553
83 184 985 674
663 277 751 816
404 192 861 806
621 206 728 678
53 597 529 753
926 517 960 604
164 166 178 785
283 409 602 995
156 60 827 190
80 675 951 694
536 420 821 677
539 911 891 943
360 240 905 469
732 518 804 802
384 299 863 714
282 45 753 190
700 331 787 539
45 265 328 907
466 326 837 737
502 14 553 562
331 414 872 981
118 900 688 939
175 285 745 979
306 606 532 767
363 587 927 982
646 207 999 982
394 81 580 287
862 435 964 495
339 111 368 474
608 285 917 820
182 604 784 897
236 361 799 952
702 50 781 944
255 551 555 609
277 79 637 841
11 421 377 624
28 140 383 721
24 497 883 641
53 336 738 868
228 853 323 954
178 206 615 753
133 359 972 804
13 58 375 430
234 683 482 995
152 205 432 505
201 666 450 876
544 206 740 385
333 684 380 765
744 435 847 717
412 887 689 917
254 448 652 693
566 457 731 1000
325 884 543 918
4 66 897 487
620 191 705 379
348 25 605 448
297 130 338 205
98 157 774 882
814 425 947 727
78 644 632 757
276 736 589 818
821 462 920 572
231 40 715 216
606 732 741 791
331 272 441 439
138 243 230 800
208 175 684 733
517 262 703 639
194 557 613 849
483 181 904 314
740 324 764 765
325 136 665 387
358 209 790 591
609 74 780 859
437 139 748 431
438 37 737 534
338 477 929 578
292 347 519 355
199 334 720 438
116 129 512 200
245 232 791 691
156 493 919 726
255 19 455 801
12 37 263 951
13 237 390 963
89 275 387 910
97 598 390 922
573 538 709 655
617 447 668 479
352 222 372 529
29 51 411 156
390 401 922 684
888 625 958 842
723 122 865 603
473 662 562 918
705 192 833 397
45 114 68 569
793 142 900 339
204 70 913 421
393 701 817 723
699 577 851 829
416 242 437 579
598 454 763 771
699 380 868 677
534 288 909 799
223 161 384 742
186 77 562 707
367 420 637 638
300 479 612 575
506 818 873 941
432 119 473 398
220 231 828 462
720 301 928 735
217 289 679 912
176 497 950 547
212 179 970 205
297 183 986 642
209 34 488 357
602 635 907 710
7 460 687 481
150 162 978 291
83 71 182 472
124 133 646 485
560 507 858 890
353 267 955 274
405 347 648 882
84 128 460 412
104 58 697 877
392 410 419 693
213 173 227 687
219 213 995 405
188 104 511 613
410 827 575 979
125 595 872 912
544 231 994 645
778 516 876 587
343 394 493 793
79 103 807 352
172 27 636 867
646 78 883 453
343 366 899 670
230 405 599 423
448 283 458 841
363 329 528 883
20 846 366 872
37 169 734 635
332 448 446 672
18 27 852 495
742 329 927 401
42 337 841 525
541 205 704 351
503 844 796 950
563 205 706 362
917 330 985 464
336 185 885 237
499 74 777 949
514 601 667 687
182 207 800 904
780 439 787 831
122 178 681 994
559 559 996 775
84 358 710 496
372 573 483 735
95 468 403 744
529 275 796 949
693 434 810 693
406 961 884 965
7 230 215 654
517 482 826 997
4 44 200 787
137 197 894 787
45 89 782 651
359 166 915 200
443 140 521 486
587 9 636 550
194 319 843 821
239 386 720 493
512 151 728 476
447 125 517 665
199 100 958 107
260 21 563 668
272 465 873 941
455 528 708 981
479 454 927 918
415 61 884 852
495 32 792 99
515 467 524 624
108 21 307 846
60 298 722 696
848 822 946 935
606 476 634 540
324 691 892 861
488 402 607 725
116 676 705 783
259 130 569 572
266 87 889 418
285 10 740 837
328 445 656 840
230 338 563 364
273 324 448 385
254 507 382 517
537 346 806 589
321 271 761 640
54 286 286 639
440 573 522 582
185 416 459 560
300 57 778 407
338 189 414 763
19 568 773 950
565 419 790 459
547 528 998 870
582 318 662 560
530 394 533 874
13 259 693 970
284 634 487 874
725 204 734 513
64 473 179 678
13 567 419 603
379 759 397 927
244 95 467 766
669 12 966 839
67 206 774 456
319 109 394 960
62 74 566 254
116 77 922 763
31 494 265 951
110 124 733 155
442 635 472 952
265 267 540 516
460 462 609 569
139 723 446 963
746 73 899 599
205 9 451 696
70 447 937 868
700 580 754 716
181 243 979 258
82 529 397 660
124 149 222 263
519 469 842 539
7 74 433 932
405 215 844 373
10 337 250 973
154 212 896 297
570 252 829 913
593 510 852 779
653 521 732 853
808 315 956 958
182 405 497 745
63 494 573 622
202 745 741 865
134 127 927 515
245 294 360 861
386 476 876 808
25 169 515 435
454 50 465 444
80 505 769 983
318 245 643 560
300 575 750 945
45 254 951 610
223 867 828 997
751 88 860 993
129 67 430 698
100 403 303 745
728 346 899 756
364 418 649 629
164 703 394 883
701 538 844 652
482 571 526 584
404 578 901 664
241 671 603 821
555 284 678 941
201 509 565 827
201 6 868 196
378 468 778 927
473 297 970 684
133 713 245 715
291 37 881 218
955 3 967 144
145 147 606 995
378 492 949 546
7 18 974 353
77 698 159 822
96 43 310 356
771 487 812 925
81 104 366 179
341 13 972 547
268 165 539 395
20 351 861 649
158 457 751 949
237 543 718 935
303 150 548 275
125 858 181 866
701 286 865 943
391 213 562 627
128 881 177 972
508 476 997 530
55 505 867 524
871 317 877 382
623 746 772 996
309 138 643 841
287 339 494 952
589 109 890 350
316 40 417 173
96 119 734 885
229 688 958 816
609 371 987 635
867 310 924 798
469 90 479 564
146 13 861 16
255 99 685 721
895 48 935 138
28 587 799 659
240 624 620 664
308 874 436 950
865 462 971 690
60 278 382 818
42 48 994 899
466 252 520 473
262 1 331 535
482 109 674 186
211 324 722 662
83 605 333 783
831 250 988 667
353 45 829 907
246 641 748 880
350 405 406 606
302 500 409 765
685 104 716 863
889 491 911 947
373 187 503 911
89 710 233 859
7 843 370 904
18 313 890 774
65 19 864 574
739 189 891 604
203 105 649 220
177 163 185 741
138 255 951 595
668 119 941 573
158 555 372 869
54 156 741 566
447 180 682 619
53 140 55 738
82 62 595 399
818 23 826 146
18 53 737 561
13 118 487 376
366 302 871 412
431 308 765 484
186 65 570 611
284 503 816 664
302 67 337 71
401 192 794 911
102 153 765 851
88 28 305 319
54 32 359 187
467 127 635 888
17 403 674 626
84 415 86 793
225 795 940 909
272 255 338 281
248 38 711 131
594 514 825 540
270 633 779 747
86 882 662 989
392 429 737 554
73 97 267 891
704 121 890 956
289 116 691 968
488 138 591 349
218 517 619 723
79 161 445 475
534 10 672 508
291 777 993 943
17 334 722 589
405 314 533 344
865 106 973 537
485 474 962 610
150 134 494 691
191 4 858 447
625 156 675 241
652 150 762 682
125 395 922 442
181 77 242 91
21 130 391 391
147 571 391 900
21 62 696 915
470 21 897 919
187 522 278 698
194 449 760 664
168 145 272 926
505 320 962 443
137 173 939 499
831 256 912 638
826 206 885 954
21 762 957 995
196 46 652 705
356 568 395 609
54 55 624 286
176 811 904 887
159 430 631 687
478 693 651 944
77 259 89 332
375 128 388 884
13 292 823 766
626 153 795 477
514 142 607 359
271 87 843 329
149 406 444 730
104 128 122 407
543 651 589 832
370 186 986 450
561 595 829 771
325 615 955 856
106 78 373 425
311 311 415 572
83 334 674 995
635 921 734 932
334 790 675 943
386 378 613 800
447 254 895 690
691 489 815 932
465 214 933 496
379 431 890 604
262 361 929 515
266 392 792 991
403 497 472 815
530 405 883 942
261 88 525 556
288 347 856 557
34 612 623 830
79 139 409 891
577 716 595 852
203 364 545 726
244 106 890 426
424 562 918 688
286 15 299 233
139 92 740 132
224 129 897 357
393 67 435 392
82 170 977 376
543 654 660 957
36 489 734 654
62 80 861 730
137 287 644 788
260 33 821 550
74 348 447 705
133 717 877 803
124 16 706 141
268 555 353 864
294 681 708 686
797 205 818 419
377 5 700 604
326 363 705 969
389 49 574 843
341 364 756 585
428 666 506 793
824 197 917 426
702 46 868 137
106 40 992 902
241 4 379 321
299 49 596 161
276 151 871 760
641 155 927 169
34 138 395 593
69 584 476 855
636 939 958 962
820 747 999 941
349 340 591 638
167 855 306 961
54 891 874 916
638 173 706 302
142 267 190 713
31 813 659 885
804 300 980 661
405 109 921 688
499 260 777 854
547 347 787 348
828 81 935 810
245 240 782 828
293 107 954 339
420 697 526 865
105 437 267 604
113 328 649 958
411 784 875 853
49 792 381 877
634 135 706 515
435 570 540 713
89 462 766 694
301 165 306 453
719 631 921 910
366 398 832 640
160 517 808 997
495 119 522 890
497 178 759 833
34 553 145 572
704 459 923 636
26 435 41 888
370 113 945 753
416 370 792 920
65 334 649 642
34 28 193 150
210 335 488 851
97 597 461 872
480 354 717 716
132 417 378 457
314 401 961 633
688 40 839 926
405 474 929 573
198 78 290 432
429 375 781 616
182 433 733 696
754 329 776 742
46 175 214 358
231 38 409 291
673 788 897 944
807 249 984 868
44 262 293 914
30 128 487 989
202 151 330 242
351 769 526 817
13 560 484 599
198 582 776 640
588 448 768 891
658 17 839 998
368 557 586 619
324 452 656 828
374 694 818 908
29 320 954 953
756 779 993 847
36 37 557 744
566 441 705 615
94 541 642 858
2 102 454 697
297 252 747 272
341 307 742 628
113 38 563 76
612 805 914 947
37 53 966 182
777 197 796 209
166 207 791 742
391 131 554 215
387 409 659 440
579 268 618 645
294 413 434 748
462 552 502 640
271 587 900 955
506 711 645 977
420 33 680 369
9 335 146 409
180 61 769 998
133 248 745 884
21 122 273 784
60 427 947 435
397 187 696 806
36 453 302 717
263 576 776 771
680 160 725 618
600 761 703 841
246 76 798 144
450 141 569 919
716 316 943 505
249 151 695 639
95 647 244 1000
119 554 901 824
186 122 302 319
931 580 957 834
377 843 725 930
342 384 470 486
656 13 824 316
4 107 323 709
516 122 826 784
57 267 350 917
289 788 341 839
209 521 556 924
357 335 699 691
262 131 397 405
554 753 908 971
193 85 313 786
152 582 970 599
575 590 650 967
643 279 977 553
378 411 554 826
68 259 682 964
288 594 401 782
819 151 832 960
189 950 202 977
107 78 247 607
118 105 697 793
618 159 852 799
542 17 648 139
564 240 852 305
281 143 358 650
338 278 762 858
