61 14 238
==============================
Time : 1 (ms)
Reading time : 10 (ms)
==============================
1001 901 56
1000 901 55.3
999 901 54.6
998 901 53.9
997 901 53.2
996 901 52.5
995 901 51.8
994 901 51.1
993 901 50.4
992 901 49.7
991 901 49
990 900 48.7
989 899 48.4
988 898 48.1
987 897 47.8
986 896 47.5
985 895 47.2
984 894 46.9
983 893 46.6
982 892 46.3
981 891 46
980 890 47.3
979 889 48.6
978 888 49.9
977 887 51.2
976 886 52.5
975 885 53.8
974 884 55.1
973 883 56.4
972 882 57.7
971 881 59
970 880 60.3
969 879 61.6
968 878 62.9
967 877 64.2
966 876 65.5
965 875 66.8
964 874 68.1
963 873 69.4
962 872 70.7
961 871 72
960 871 72.8
959 871 73.6
958 871 74.4
957 871 75.2
956 871 76
955 871 76.8
954 871 77.6
953 871 78.4
952 871 79.2
951 871 80
950 870 81.5
949 869 83
948 868 84.5
947 867 86
946 866 87.5
945 865 89
944 864 90.5
943 863 92
942 862 93.5
941 861 95
940 860 93.7
939 859 92.4
938 858 91.1
937 857 89.8
936 856 88.5
935 855 87.2
934 854 85.9
933 853 84.6
932 852 83.3
931 851 82
931 850 80.7
931 849 79.4
931 848 78.1
931 847 76.8
931 846 75.5
931 845 74.2
931 844 72.9
931 843 71.6
931 842 70.3
931 841 69
930 840 68.5
929 839 68
928 838 67.5
927 837 67
926 836 66.5
925 835 66
924 834 65.5
923 833 65
922 832 64.5
921 831 64
921 830 63.2
921 829 62.4
921 828 61.6
921 827 60.8
921 826 60
921 825 59.2
921 824 58.4
921 823 57.6
921 822 56.8
921 821 56
920 820 54.8
919 819 53.6
918 818 52.4
917 817 51.2
916 816 50
915 815 48.8
914 814 47.6
913 813 46.4
912 812 45.2
911 811 44
910 810 45.2
909 809 46.4
908 808 47.6
907 807 48.8
906 806 50
905 805 51.2
904 804 52.4
903 803 53.6
902 802 54.8
901 801 56
cnt:121
199.015228
