40 30
19 15
39 29
0 0 0 0 1 2 1 1 0 0 0 0 0 0 0 1 2 1 1 0 0 0 0 0 1 1 2 3 92 91 91 0 0 0 0 1 1 2 3 2
0 0 1 1 2 3 2 1 1 0 0 0 0 1 1 2 3 2 1 1 0 0 0 0 1 2 1 2 93 94 93 3 2 3 4 0 2 1 0 0
0 0 1 2 1 2 3 4 3 3 2 3 4 0 2 1 0 0 2 2 1 0 1 1 1 2 3 4 91 91 92 1 0 1 1 1 2 3 4 1
1 1 1 2 3 4 1 1 2 1 0 1 1 1 2 93 4 1 1 2 1 0 0 0 1 1 2 3 92 91 91 1 0 0 0 1 1 2 3 2
0 0 1 1 2 3 2 1 1 1 0 0 0 1 1 92 3 2 1 1 1 0 0 0 0 0 1 2 91 91 90 0 0 0 0 0 0 1 2 1
0 0 0 0 1 2 1 1 0 0 0 0 0 0 0 91 2 1 1 0 0 0 0 0 1 1 2 1 90 90 90 0 1 1 2 3 2 1 1 3
0 0 1 1 2 1 0 0 0 0 1 1 2 3 2 91 1 3 2 1 0 0 0 0 1 2 3 4 93 92 92 1 0 0 0 1 2 3 4 3
0 0 1 2 3 4 3 2 2 1 0 0 0 1 2 93 4 3 2 2 1 0 1 1 1 2 3 4 91 91 92 1 0 1 1 1 2 3 4 1
1 1 1 2 3 4 1 1 2 1 0 1 1 1 2 93 4 1 1 2 1 0 0 0 1 1 1 1 90 90 92 3 2 1 0 1 1 2 3 2
0 0 1 1 1 1 0 0 2 3 2 1 0 1 1 92 3 2 1 1 1 0 0 0 0 0 1 2 91 91 90 0 0 0 0 0 0 1 2 1
0 0 0 0 1 2 1 1 0 0 0 0 0 0 0 91 2 1 1 0 0 0 0 0 1 1 2 3 92 91 91 0 0 0 0 1 1 2 3 2
0 0 1 1 2 3 2 1 1 0 0 0 0 1 1 92 3 2 1 1 0 0 2 2 1 0 0 0 91 92 93 4 3 2 2 1 0 0 0 1
2 2 1 0 0 0 1 2 3 4 3 2 2 1 0 90 0 1 2 3 4 3 1 1 1 2 3 4 91 91 92 1 0 1 1 1 2 3 4 1
1 1 91 92 93 94 1 91 92 91 90 91 1 1 2 3 4 1 1 2 1 0 0 0 0 1 1 2 93 92 91 1 1 0 0 0 1 1 2 3
0 0 90 1 1 2 3 2 1 1 1 0 0 0 1 1 2 3 2 1 1 1 0 0 0 0 1 2 91 91 90 0 0 0 0 0 0 1 2 1
0 0 91 2 3 4 3 2 2 1 0 0 0 1 2 3 4 3 2 2 1 0 1 1 1 2 3 4 91 91 92 1 0 1 1 1 2 3 4 1
1 1 91 2 3 4 1 1 2 1 0 1 1 1 2 3 4 1 1 2 1 0 0 0 1 1 1 1 90 90 92 3 2 1 0 1 1 2 3 2
0 0 91 1 1 1 0 0 2 3 2 1 0 1 1 2 3 2 1 1 1 0 0 0 0 0 1 2 91 91 90 0 0 0 0 0 0 1 2 1
0 0 90 0 1 2 1 1 0 0 0 0 0 0 0 1 2 1 1 0 0 0 0 0 1 1 2 3 92 91 91 0 0 0 0 1 1 2 3 2
0 0 91 1 2 3 2 1 1 0 0 0 0 1 1 2 3 2 1 1 0 0 2 2 1 0 0 0 91 92 93 4 3 2 2 1 0 0 0 1
2 2 91 0 0 0 1 2 3 4 3 2 2 1 0 0 0 1 2 3 4 3 1 1 1 2 3 4 91 91 92 1 0 1 1 1 2 3 4 1
1 1 91 2 3 4 1 1 2 1 0 1 1 1 2 3 4 1 1 2 1 0 0 0 0 1 1 2 93 92 91 1 1 0 0 0 1 1 2 3
0 0 90 1 1 2 3 2 1 1 1 0 0 0 1 1 2 3 2 1 1 1 0 0 0 0 1 2 91 91 90 0 0 0 0 0 0 1 2 1
0 0 90 0 1 2 1 1 0 0 0 0 0 0 0 1 2 1 1 0 0 0 0 0 1 1 2 3 2 1 1 0 0 0 0 1 1 2 3 2
0 0 91 1 2 3 2 1 1 0 0 0 0 1 1 2 3 2 1 1 0 0 0 0 1 2 1 2 3 4 3 3 2 3 4 0 2 1 0 0
0 0 91 2 1 2 3 4 3 3 2 3 4 0 2 1 0 0 2 2 1 0 1 1 1 2 3 4 1 1 2 1 0 1 1 1 2 3 4 1
1 1 91 2 3 4 1 1 2 1 0 1 1 1 2 3 4 1 1 2 1 0 0 0 1 1 2 3 92 91 1 1 0 0 0 1 1 2 3 2
0 0 991 991 992 993 992 991 991 991 990 990 990 991 991 992 939 929 91 91 91 90 90 90 90 90 91 92 91 91 90 90 90 90 90 90 90 91 92 91
0 0 0 0 1 2 1 1 0 0 0 0 0 0 0 1 2 1 1 0 0 0 0 0 1 1 2 1 0 0 0 0 1 1 2 3 2 1 1 3
0 0 1 1 2 1 0 0 0 0 1 1 2 3 2 1 1 3 2 1 0 0 0 0 1 2 3 4 3 2 2 1 0 0 0 1 2 3 4 3
